2785.657070713999 -10.76208665018943 -23.51968783665749
9000.401238203764 43.57050677373073 -19.29076046920616
2844.38931167143 9.182958787489849 -24.17998124290553
2902.926708994802 24.17482315505523 9.196529259552509
2396.434445593341 -2.18527737607344 25.77252001240124
2947.919427160408 -25.83408458055868 -1.264238460315253
2393.061975728116 -24.7872598142394 7.388502954008519
8497.277794989421 -4.074660676104692 47.47546356145039
8678.973255213645 13.44053508328486 45.71514537519251
2542.903588874202 5.175256564926066 -25.34196015479444
5140.172492237987 -50.95863876633079 12.60722650239175
7855.763286252193 47.07695197968618 -7.367706040710476
8981.396626637032 -47.58054166128053 -2.571877761315211
3039.187332722041 -6.108246512316814 25.13339510581029
2646.224865043172 25.85818425902254 0.5937439064434057
3069.69946909935 11.00728829773137 23.40593577130863
2971.342381031342 -10.72104795188445 23.53842296784968
7543.968574413094 46.89504438066103 8.448509486047392
2293.615831782758 -10.27145023445745 23.73806089555474
8385.777171779237 -44.93819822397238 15.84553061222517
2425.95194008662 25.29570808270401 -5.396793269583577
2611.169618174363 2.603755456670835 25.73360997842816
3035.362984507904 -25.60392907251143 -3.665656973832097
2924.061906353124 25.84846389925352 0.9247372864696783
7475.491711284022 -46.91994441256637 8.309110441057049
3214.550972894233 -25.29964844692719 -5.378290942473742
2798.093953974707 7.4883016032984 24.7572931496567
2341.767650428632 7.149991502089041 24.85710857119258
2309.857895214136 23.28327313842711 11.2644314974791
7889.572083459887 9.231510245795903 -46.74721081071858
2998.536438579179 24.48036034325295 -8.349262390444343
3140.832259832473 -24.49940690063373 -8.293207251551163
2430.731367387478 24.2157597169791 9.088190487084479
8618.613914298423 -15.20384840303963 -45.15933451388972
3117.597889542545 -23.43190480993811 10.95189764278313
2717.538865676423 -3.441853029049381 -25.63497362445344
8618.911361755607 -45.82387308889977 13.06503559629311
8784.851806241437 14.90296126574219 45.25952104819255
3172.91484766619 -8.171764175133244 24.54018123946943
7781.601319218491 14.27666562487122 -45.46096477897954
2655.152883370409 -13.11243727883171 22.29489209681681
4598.797883143965 -52.09665027595715 -6.454769943585358
2320.56853452044 -14.58685304905305 21.35935259143714
8988.817767923692 -43.35088380245342 -19.77936736971595
2700.372416993742 -25.60393120085183 3.665642107741332
2313.678719703892 25.2078055513197 -5.793510532212347
7217.494183088383 25.72300970720947 -40.11046336808892
3155.754880706301 25.11228063651625 6.194480303693798
2301.577808339463 9.853597346073943 23.91453207448236
7158.280144547995 -46.18808841548238 -11.71251418456262
8012.767988351828 2.012155017105904 47.60749659651447
2982.650685392563 -25.72234674342353 -2.712766670963289
2862.674546597207 -12.17902706871117 22.81818407892268
6042.341317621908 47.51478081995028 22.31749602065794
2805.372296041358 23.70141616887916 -10.35572771897725
2923.676812145345 12.21893978710641 22.79683608484009
8098.3743312049 46.91573187676356 8.332862801440561
2467.691032034677 7.165154603695483 24.85274199168257
5999.180365108304 -49.30265652221452 -18.02700986998507
2808.188311166702 10.76294021617757 -23.5192972450919
3165.216894099494 -2.487452040477043 25.74511230013039
3182.817771960008 -21.56108378472399 -14.28698327247964
8510.755608108246 43.43861535898461 -19.58594382954744
2406.62397845861 10.09739594789595 23.81261892508708
8070.2761012924 20.08776741449168 -43.20884284844117
